0 23.724393841105083 222.05879849662352
1 454.72783616364586 392.6770783084746
2 60.74601930025037 423.4840564353878
3 294.2503048100636 177.62939621590496
4 391.1177166681545 72.13799295845868
5 250.20435211284396 463.9613751178013
6 135.35940690315223 162.93705615486593
7 472.7723579299281 217.3924648559201
8 22.400713026791752 137.96863126819858
9 483.73123082282183 278.7419476487588
10 12.932001703753194 233.59710495186047
11 392.1847469272203 480.91527020745514
12 412.89589483350755 262.8764987868286
13 498.4972662153019 362.1224650266688
14 405.88355362053153 355.7759283565322
15 182.92738186379358 162.23928141926726
16 405.66490274962763 477.37687996673736
17 294.2461267373444 496.40527832405
18 106.41307920261556 485.0117638043367
19 241.09779890485288 476.2916499378804
20 181.78782395390937 18.38398848863232
21 352.38115462835196 361.9649160289748
22 475.6806014519031 457.2718115083826
23 31.06254871624986 310.48266147104425
24 199.27736275779097 88.33046749959283
25 221.3136503410123 120.04650249455374
26 441.04883633427255 391.46265602052813
27 382.87321684791 135.38249445591694
28 433.47809526384464 0.731268677493957
29 493.3508515663168 454.93072283432906
30 239.16534083910463 223.35588134727513
31 29.877782041808963 434.4783518588177
32 288.9593242599596 79.34697682888303
33 202.3501393391867 289.65227795700144
34 335.80683583427276 258.13371456550897
35 29.545963573254564 240.45722877284499
36 493.08432423241857 46.43268893078062
37 19.939949441963755 200.9374340924711
38 383.4851190045391 409.8686297527972
39 426.5412224247001 110.75588758142952
40 115.73033369088209 424.7583804445022
41 482.0388560443125 140.76020066248824
42 322.84541746214893 325.8975060773196
43 260.3356736874598 200.43656598359237
44 72.09914720666461 52.71711043008753
45 370.46199359186636 105.4027661650282
46 354.2231843203384 485.7170128516178
47 258.48680533036594 468.0654774962175
48 297.0987400039968 140.32719053358466
49 190.0799986162006 497.35175938518
50 239.84007979209144 69.64196143831636
51 256.39584258320747 101.25726198217838
52 375.02151854991547 76.31695173992098
53 304.3751438723617 386.9486439664438
54 194.0699061421362 86.05756249451957
55 194.4544353961178 448.97173458643204
56 256.12663107873095 209.33891494031027
57 155.1135097342811 488.5714046818867
58 167.55176558742946 113.20401112971656
59 241.57186468876586 270.5967203326935
60 313.61496962829386 174.26970379596634
61 450.00017838712523 345.9840636939487
62 189.51462011539073 23.792675547693875
63 346.32783182656914 336.8855377304309
64 465.552412494123 228.1801163042911
65 208.0321042623088 102.00884143143895
66 62.0277180999248 247.55600920955217
67 34.196898845335056 237.79551309163838
68 111.37669570144159 147.53267247858025
69 390.6923517335182 154.90312912302045
70 112.09146177902063 115.05249084215441
71 376.35329911692696 304.430887660923
72 379.6173717144498 485.1341334532211
73 329.8984783604187 260.09460591949005
74 385.9655404686355 188.33208378858902
75 163.34928762231942 45.48786002287852
76 161.53959870214717 26.074843288327877
77 447.53759296120745 482.35845262282015
78 287.31295827804814 248.09467087211567
79 497.1069160585964 333.0267040428961
80 47.647458698489075 231.06673260724176
81 367.067299331817 83.95299523818045
82 307.3921766451131 466.9763999519833
83 97.3002451106541 493.37165355984763
84 463.78368082896395 250.3892543318112
85 283.3865212763863 209.18100011639524
86 249.14464639092682 319.3891987064845
87 387.1494562461911 309.8216054547682
88 206.9772885018943 28.213340191225623
89 356.6901673862743 69.93344068125973
90 244.47581644965354 191.77792108628879
91 381.12528158137036 279.00298178726706
92 458.286847701541 499.2172467200627
93 68.56044514807125 233.6719467690867
94 493.9681780682447 182.62136033262206
95 55.755008086389445 45.36442264704527
96 364.2553167050859 130.7800147157463
97 298.6946801735373 49.145567763775546
98 318.11650502848323 323.73565122339204
99 63.27588014628949 334.5475016404515
